Ciclistes del tipus BEMB (label 0):
  tp   tb  label
3152 2119      0
3466 2111      0
3368 1801      0
2947 2039      0
3320 2480      0
3558 2562      0
3106 1923      0
3277 1776      0
3351 2507      0
3277 1865      0
3307 1905      0
3226 2434      0
3471 2007      0
3414 2047      0
3418 2362      0
2827 2109      0
3339 2161      0
3462 2082      0
3408 2461      0
2815 1994      0
3308 2287      0
2990 2308      0
3188 2087      0
3662 1924      0
3715 1787      0
3738 2068      0
3752 2212      0