Ciclistes del tipus MEBB (label 1):
  tp   tb  label
4570 1372      1
4113 1428      1
4555 1329      1
4561 1741      1
4432 1733      1
4554 1386      1
4378 1296      1
4151 1696      1
4555 1450      1
4199 1733      1
4613 1036      1
4103 1679      1
4476 1565      1
4545 1344      1
4286 1041      1
4272 1772      1
4650 1601      1
4214 1648      1
4079 1578      1
4576 1518      1
4442 1516      1
4349 1226      1
4242 1318      1
4582 1614      1
4666 1829      1
4296 1848      1
4062 1614      1